0.881065
0.870436
0.860093
0.892189
0.945003
1.023678
1.049938
0.997723
0.949424
0.997576
1.085799
1.151307
1.149688
1.142290
1.078773
0.982135
0.862227
0.820359
0.911311
0.901111
0.954792
1.070699
1.016936
1.003931
0.957477
1.005239
1.139145
1.143300
1.154282
1.106029
1.050887
0.947770
0.844790
0.800909
0.912656
0.984875
0.945318
1.052066
1.066475
0.951897
0.986977
1.051700
1.121461
1.183801
1.114525
1.088852
1.016377
0.917368
0.825833
0.787591
0.939506
1.039649
0.968189
1.023971
1.060821
0.989064
0.949378
1.115464
1.147261
1.143535
1.123992
1.044254
0.988969
0.896193
0.790648
0.802939
0.977391
1.065425
1.015123
0.967837
1.081024
0.995581
0.975284
1.115571
1.178674
1.128674
1.084973
1.036411
0.945501
0.870192
0.786608
0.782378
1.075336
1.090483
0.991359
1.001437
1.020140
1.050113
0.994245
1.111033
1.195801
1.111867
1.053710
1.010575
0.921630
0.836249
0.770768
0.842235
1.079019
1.145784
0.987488
0.955910
1.074163
1.020196
1.054303
1.109675
1.171350
1.113813
1.017967
0.976622
0.910207
0.793794
0.772402
0.902217
1.133312
1.128692
0.993710
0.950262
1.049711
1.085203
1.043984
1.126902
1.158017
1.082253
1.006450
0.935558
0.882293
0.797718
0.718827
1.057589
1.151688
1.094067
1.001100
0.944505
1.052668
1.110179
1.072354
1.110672
1.141563
1.066057
0.972638
0.911572
0.854226
0.774059
0.783110
1.043373
1.265827
1.049305
0.964667
0.995942
1.031606
1.132204
1.103065
1.085251
1.125762
1.043126
0.947542
0.876946
0.832152
0.775060
0.809831
1.167975
1.211220
1.063273
0.935549
0.993968
1.093972
1.108038
1.113203
1.096340
1.070541
1.040807
0.915276
0.838952
0.822470
0.774016
0.902821
1.191175
1.210993
1.033291
0.933468
1.003002
1.118128
1.126930
1.095469
1.087096
1.057982
0.992482
0.912994
0.793946
0.788908
0.864598
0.931774
1.236457
1.190533
0.999553
0.947107
1.006187
1.149299
1.131058
1.080403
1.074978
1.031148
0.972736
0.871498
0.787451
0.746844
0.939797
1.086315
1.142555
1.181289
1.004700
0.911488
1.070505
1.143608
1.129860
1.076478
1.041490
1.021444
0.938005
0.844783
0.759189
0.754388
1.025560
1.173285
1.136180
1.110551
1.012666
0.938071
1.042048
1.206825
1.099466
1.059844
1.032676
0.982984
0.924487
0.807634
0.726231
0.819058
1.098113
1.223925
1.125109
1.052967
1.020414
0.955090
1.069950
1.182176
1.117062
1.024012
1.010270
0.974309
0.878207
0.791887
0.705847
0.858884
1.292293
1.164752
1.117332
1.033543
0.989494
1.015361
1.065915
1.175809
1.105990
1.008482
0.976696
0.957649
0.856635
0.743196
0.716319
1.006665
1.277778
1.213568
1.047910
1.025161
1.006263
1.008965
1.122503
1.132342
1.093849
0.998329
0.939066
0.937740
0.841509
0.694247
0.748777
1.175486
1.303562
1.151540
1.053469
0.986828
1.022394
1.049827
1.104323
1.137148
1.061369
0.977992
0.926468
0.889092
0.839468
0.679137
0.722093
1.517181
1.231606
1.124923
1.026208
0.989833
1.023510
1.080577
1.110298
1.105276
1.047747
0.954347
0.896112
0.875623
0.797924
0.699427
0.831408
1.490338
1.305213
1.037888
1.016261
1.008718
1.018911
1.108247
1.108795
1.076667
1.027752
0.930337
0.874481
0.837403
0.804119
0.693414
1.007826
1.482236
1.239175
1.045495
0.960121
1.036044
1.055390
1.084576
1.119789
1.054321
0.987886
0.926803
0.831129
0.822232
0.795814
0.759272
1.143036
1.425470
1.208951
1.010828
0.958561
1.034620
1.087733
1.092731
1.083148
1.050910
0.957080
0.887763
0.838525
0.754660
0.842453
0.879169
1.179741
1.394125
1.162170
0.988528
0.959018
1.039418
1.118663
1.083629
1.064687
1.023452
0.938861
0.856968
0.799870
0.788435
0.792407
1.094642
1.229493
1.265817
1.160039
0.964963
0.947721
1.082215
1.108408
1.091523
1.033539
0.998125
0.920648
0.821992
0.774751
0.793669
0.889021
1.150692
1.284523
1.206765
1.098873
0.982387
0.942266
1.083630
1.149721
1.049552
1.026103
0.965877
0.892791
0.806732
0.724739
0.848401
1.017315
1.179516
1.281134
1.163967
1.060231
0.976467
0.966337
1.087554
1.141836
1.055877
0.974573
0.954940
0.868305
0.761160
0.739347
0.872939
1.171856
1.235292
1.188919
1.166496
1.017700
0.972186
0.999095
1.085880
1.135143
1.038324
0.953180
0.910821
0.862655
0.729267
0.702306
1.072891
1.220881
1.220298
1.185545
1.093571
1.031430
0.955021
1.017883
1.115119
1.094874
1.030325
0.926257
0.870492
0.848315
0.715064
0.699878
1.243953
1.311957
1.176935
1.139498
1.090275
0.990919
0.985933
1.021639
1.116625
1.089380
0.989376
0.910074
0.840790
0.798929
0.763577
0.711367
1.380318
1.377915
1.123727
1.112986
1.060913
0.997592
0.976193
1.055604
1.105189
1.064757
0.971530
0.869704
0.816971
0.784827
0.736369
0.948537
1.279164
1.375248
1.132961
1.040818
1.065340
0.995150
0.980790
1.071696
1.097637
1.038828
0.943029
0.839570
0.784991
0.762966
0.830774
1.004916
1.399768
1.267015
1.123505
1.030639
1.015108
1.030716
0.986020
1.061083
1.105856
1.003158
0.910934
0.815759
0.736228
0.795954
0.900115
1.175133
1.320211
1.242290
1.090344
1.013418
1.008191
1.023393
1.019376
1.051072
1.074991
1.002360
0.855624
0.784350
0.738511
0.757441
1.158729
1.181781
1.291059
1.198970
1.066577
0.998758
1.002142
1.028527
1.037047
1.043008
1.052425
0.970808
0.836949
0.712564
0.748047
0.906757
1.133720
1.331596
1.203041
1.154425
1.065596
0.970847
1.008319
1.039546
1.036703
1.046966
1.012605
0.951368
0.798251
0.665888
0.737243
1.142235
1.205201
1.256718
1.214222
1.100656
1.039884
0.987957
0.983709
1.059890
1.049381
1.013226
1.006663
0.901811
0.774351
0.611486
0.762080
1.459963
1.226087
1.202125
1.186085
1.079885
1.015189
0.983436
1.005368
1.041946
1.062463
1.001570
0.955710
0.894738
0.713451
0.562805
0.977212
1.526609
1.277271
1.145971
1.138316
1.085574
0.980014
0.992789
1.012736
1.046507
1.048429
0.990356
0.923623
0.843130
0.707568
0.467128
1.389962
1.647155
1.200747
1.135870
1.102174
1.057287
0.995955
0.962399
1.043229
1.046459
1.023721
0.979772
0.887580
0.796521
0.677031
0.500925
1.709143
1.604699
1.195333
1.074547
1.091810
1.046030
0.975939
0.989081
1.020736
1.066990
1.002467
0.941654
0.874031
0.738035
0.622118
0.765721
1.578841
1.548768
1.164476
1.044808
1.064420
1.041341
0.978019
0.977454
1.045444
1.044982
0.991973
0.912310
0.823807
0.724382
0.560973
1.058703
1.752881
1.327771
1.173458
1.016785
1.032098
1.048783
0.975091
0.978936
1.046238
1.041247
0.965030
0.879985
0.787323
0.673052
0.622709
1.395061
1.600420
1.299451
1.093311
1.032389
1.004829
1.030650
1.005228
0.961772
1.045113
1.041367
0.928332
0.850056
0.739371
0.645836
0.782316
1.586438
1.497799
1.220098
1.077059
1.000058
1.012986
1.016494
1.005165
0.984240
1.014819
1.030370
0.921865
0.771047
0.732676
0.634433
1.023540
1.689988
1.352774
1.185613
1.040775
0.992349
1.004644
1.018263
1.005102
0.987338
1.008096
1.000998
0.899635
0.740289
0.606399
0.885808
1.197479
1.531163
1.330081
1.112180
1.027807
0.984813
0.992464
1.031884
0.997088
0.989530
0.998694
0.968332
0.879638
0.682223
0.561211
1.068426
1.572575
1.339213
1.259464
1.101907
0.984508
0.987367
1.002980
1.011797
1.018118
0.972469
0.982881
0.954461
0.825364
0.660028
0.468299
1.668701
1.610817
1.266708
1.185152
1.079368
0.974936
0.967941
1.016230
1.022538
0.989799
0.992735
0.946481
0.926194
0.809974
0.556591
0.618647
1.912017
1.539406
1.231900
1.114069
1.058547
0.974527
0.949649
1.031198
1.022637
0.987317
0.966383
0.948562
0.878267
0.768948
0.558252
0.661950
2.444522
1.423582
1.164325
1.094106
1.016662
0.979412
0.956134
1.010839
1.050233
0.965277
0.949673
0.931376
0.850761
0.711377
0.561489
1.096273
1.949200
1.368753
1.124605
1.040804
1.019259
0.961297
0.966443
1.020407
1.024963
0.985223
0.904947
0.911513
0.842486
0.634693
0.636141
1.567529
1.632717
1.308823
1.085469
1.013745
0.995172
0.977428
0.960226
1.022383
1.028306
0.957520
0.901502
0.864138
0.818383
0.658616
0.647648
2.059767
1.488894
1.204686
1.082374
0.972635
0.989565
0.982267
0.970052
1.013244
1.021979
0.947853
0.866412
0.842797
0.792100
0.665985
0.982389
1.728395
1.432454
1.150551
1.029093
0.985456
0.955686
0.997486
0.989284
0.988734
1.019340
0.933856
0.830256
0.819245
0.769704
0.781770
1.158828
1.640166
1.327123
1.113766
1.000024
0.960717
0.976903
0.978304
1.008546
0.990489
0.977034
0.936354
0.803835
0.743238
0.870942
0.850090
1.370079
1.482215
1.258931
1.080080
0.969219
0.954552
0.976832
0.992700
1.000138
0.988527
0.961311
0.894756
0.804967
0.697071
0.870942
1.221673
1.241101
1.425757
1.205313
1.036914
0.956157
0.941713
0.985482
1.007589
0.985787
0.985776
0.936643
0.868733
0.777228
0.690862
0.985484
1.340966
1.332506
1.263673
1.181871
1.012378
0.920390
0.957475
0.988997
1.007834
0.995193
0.948059
0.934778
0.832025
0.743341
0.746383
1.100768
1.442380
1.299449
1.207381
1.123549
0.999723
0.905144
0.942863
1.025662
1.003006
0.970276
0.958351
0.876177
0.838016
0.708882
0.790049
1.383103
1.356924
1.281344
1.159786
1.073597
0.985566
0.897159
0.938602
1.044307
1.010881
0.947806
0.926862
0.883894
0.767466
0.753171
0.919736
1.415071
1.387940
1.204329
1.125766
1.046817
0.949452
0.914109
0.931227
1.053050
1.025809
0.914325
0.904013
0.863377
0.766357
0.726417
1.193357
1.401702
1.316407
1.183455
1.078821
1.015421
0.945750
0.892822
0.970487
1.039981
1.017967
0.915608
0.836176
0.875526
0.774025
0.750829
1.411550
1.388561
1.253978
1.144749
1.051357
0.986563
0.928843
0.912752
0.960101
1.067127
